Angle (Degrees) DistIR (cm)     Dist PING (cm) 
180             47.67           33.98          
178             51.45           32.80          
176             51.94           31.44          
174             51.38           31.67          
172             47.01           31.31          
170             48.27           31.03          
168             51.78           30.77          
166             54.83           30.78          
164             55.54           30.03          
162             55.73           29.99          
160             48.12           29.97          
158             44.43           29.72          
156             34.26           29.46          
154             33.64           29.92          
152             32.86           29.91          
150             30.58           29.67          
148             32.84           29.67          
146             32.71           29.67          
144             32.49           29.91          
142             31.14           29.92          
140             34.32           29.92          
138             51.22           29.91          
136             65.78           29.97          
134             68.71           30.23          
132             63.60           30.24          
130             67.77           30.51          
128             66.39           31.00          
126             66.14           31.04          
124             64.33           31.85          
122             58.44           31.91          
120             64.48           32.58          
118             62.89           68.72          
116             64.61           67.95          
114             63.79           68.10          
112             63.34           68.09          
110             62.08           68.05          
108             61.04           67.85          
106             59.53           67.84          
104             62.36           67.86          
102             58.56           67.65          
100             62.46           67.81          
98              57.71           67.81          
96              60.24           68.04          
94              63.23           68.02          
92              62.36           67.64          
90              62.56           67.84          
88              62.25           68.29          
86              63.14           68.30          
84              57.57           68.08          
82              63.57           51.86          
80              63.91           51.22          
78              64.55           32.77          
76              65.24           32.25          
74              65.19           31.79          
72              66.02           30.85          
70              66.02           31.01          
68              65.54           30.95          
66              68.78           30.44          
64              69.03           30.17          
62              61.63           29.72          
60              69.44           29.66          
58              70.37           29.85          
56              63.97           29.79          
54              50.21           29.77          
52              33.52           29.49          
50              33.60           29.49          
48              33.00           29.48          
46              32.96           29.49          
44              32.82           29.48          
42              31.33           29.10          
40              32.90           29.25          
38              33.76           29.30          
36              34.45           29.74          
34              37.08           29.51          
32              46.89           29.56          
30              81.67           30.02          
28              85.00           29.84          
26              85.00           30.08          
24              85.00           30.55          
22              85.00           30.60          
20              85.00           30.65          
18              85.00           30.93          
16              85.00           31.64          
14              85.00           31.72          
12              85.00           32.40          
10              85.00           33.81          
8               85.00           59.94          
6               85.00           85.00          
4               85.00           85.00          
2               85.00           85.00          
0               54.07           48.89          
Object#    Angle      Distance   Width     
1          40   20   29.92      20        
2          146  124  29.51      22        

Count: 2
Angle (Degrees) DistIR (cm)     Dist PING (cm) 
180             52.82           31.20          
178             53.43           31.57          
176             52.61           31.06          
174             55.36           31.06          
172             56.16           30.79          
170             56.96           31.01          
168             54.92           30.29          
166             46.09           30.27          
164             35.90           29.98          
162             32.14           30.21          
160             33.66           30.17          
158             33.07           29.72          
156             33.09           30.36          
154             33.16           30.35          
152             32.98           30.36          
150             30.36           30.36          
148             32.77           30.21          
146             39.64           30.24          
144             58.60           30.76          
142             71.44           31.01          
140             67.37           30.79          
138             66.90           31.02          
136             61.10           31.29          
134             66.83           31.55          
132             65.91           31.86          
130             65.07           33.20          
128             63.12           33.27          
126             63.34           67.16          
124             64.49           66.91          
122             53.96           67.07          
120             62.78           66.81          
118             62.25           66.80          
116             61.58           66.55          
114             58.29           66.74          
112             56.14           66.70          
110             60.52           66.47          
108             61.53           66.47          
106             56.91           66.49          
104             61.10           66.47          
102             61.15           66.47          
100             54.99           66.47          
98              61.79           66.46          
96              61.15           66.48          
94              60.78           66.69          
92              56.08           66.48          
90              61.47           66.74          
88              61.74           66.76          
86              64.14           49.94          
84              63.68           32.16          
82              63.23           31.12          
80              64.50           30.35          
78              65.65           29.88          
76              65.90           29.80          
74              66.63           29.28          
72              65.19           29.51          
70              67.16           29.24          
68              69.49           29.18          
66              68.45           29.19          
64              64.14           28.93          
62              48.70           28.71          
60              34.12           28.72          
58              29.18           28.69          
56              31.04           28.68          
54              31.04           28.93          
52              31.46           28.72          
50              35.23           28.72          
48              49.42           29.17          
46              76.88           29.00          
44              85.00           29.00          
42              80.29           29.27          
40              85.00           29.31          
38              85.00           29.57          
36              85.00           30.04          
34              85.00           30.09          
32              85.00           30.57          
30              85.00           31.49          
28              85.00           79.86          
26              85.00           80.08          
24              85.00           85.00          
22              85.00           85.00          
20              85.00           85.00          
18              85.00           85.00          
16              85.00           85.00          
14              85.00           85.00          
12              85.00           83.53          
10              85.00           85.00          
8               85.00           84.25          
6               85.00           85.00          
4               85.00           85.00          
2               85.00           85.00          
0               43.73           48.21          
Object#    Angle      Distance   Width     
1          34   14   30.24      20        
2          130  116  28.72      14        

Count: 2
Angle (Degrees) DistIR (cm)     Dist PING (cm) 
180             48.83           28.48          
178             53.82           28.43          
176             53.43           28.41          
174             53.22           28.39          
172             55.27           28.40          
170             47.28           28.35          
168             36.39           28.35          
166             29.52           28.34          
164             29.90           28.32          
162             29.88           28.30          
160             29.93           28.29          
158             29.33           28.30          
156             33.36           28.32          
154             48.89           28.34          
152             56.93           28.37          
150             62.79           28.37          
148             64.73           28.49          
146             62.83           28.52          
144             67.70           28.59          
142             71.30           29.08          
140             71.44           29.57          
138             70.45           30.30          
136             68.26           30.35          
134             61.91           69.60          
132             67.15           69.26          
130             65.90           69.62          
128             63.61           69.11          
126             64.17           68.56          
124             63.34           68.12          
122             64.02           68.47          
120             64.49           68.25          
118             63.92           68.19          
116             62.56           68.16          
114             62.13           67.94          
112             63.03           68.09          
110             63.74           67.88          
108             59.51           68.10          
106             61.47           67.84          
104             57.35           67.65          
102             56.30           68.05          
100             54.92           68.05          
98              63.57           67.69          
96              61.15           67.75          
94              62.45           67.96          
92              58.04           68.18          
90              63.68           67.98          
88              64.14           67.79          
86              64.41           50.22          
84              63.68           68.73          
82              64.26           30.95          
80              65.91           30.28          
78              66.82           29.50          
76              67.13           29.19          
74              68.20           28.99          
72              60.37           29.10          
70              65.85           28.59          
68              69.29           28.55          
66              70.93           28.50          
64              62.60           28.47          
62              69.45           28.43          
60              63.45           28.38          
58              43.39           28.37          
56              32.26           28.35          
54              30.63           28.35          
52              30.36           28.35          
50              28.73           28.35          
48              30.66           28.36          
46              30.70           28.35          
44              30.40           28.36          
42              30.60           28.36          
40              31.61           28.40          
38              32.15           28.40          
36              40.37           28.40          
34              63.42           28.40          
32              85.00           28.45          
30              85.00           28.42          
28              85.00           28.49          
26              85.00           28.55          
24              85.00           28.61          
22              85.00           28.86          
20              85.00           29.55          
18              85.00           29.86          
16              85.00           30.35          
14              85.00           31.30          
12              85.00           57.37          
10              85.00           57.83          
8               85.00           82.50          
6               85.00           85.00          
4               85.00           85.00          
2               85.00           85.00          
0               64.46           48.15          
Object#    Angle      Distance   Width     
1          24   10   28.32      14        
2          144  120  28.40      24        

Count: 2
Angle (Degrees) DistIR (cm)     Dist PING (cm) 
180             58.53           47.99          
178             85.00           46.85          
176             85.00           30.08          
174             85.00           30.03          
172             85.00           29.74          
170             85.00           29.23          
168             85.00           29.03          
166             85.00           29.00          
164             49.98           28.95          
162             36.08           28.72          
160             30.66           28.71          
158             32.82           28.88          
156             32.15           28.44          
154             31.47           28.44          
152             31.52           28.43          
150             32.19           28.64          
148             30.24           28.44          
146             31.39           28.43          
144             31.43           28.42          
142             32.30           28.88          
140             33.54           28.44          
138             41.44           28.49          
136             57.63           28.93          
134             73.25           28.98          
132             75.77           29.23          
130             69.96           29.50          
128             72.44           28.89          
126             64.63           29.01          
124             68.77           30.08          
122             68.26           30.13          
120             68.78           30.40          
118             66.15           31.15          
116             66.27           31.71          
114             65.10           65.90          
112             63.91           66.04          
110             63.80           65.99          
108             64.14           65.11          
106             62.25           65.22          
104             55.97           65.39          
102             61.47           65.13          
100             61.68           64.30          
98              61.58           64.30          
96              59.28           63.92          
94              59.49           64.14          
92              55.59           64.33          
90              60.12           64.10          
88              59.28           63.89          
86              55.07           63.67          
84              59.79           63.88          
82              58.68           63.89          
80              58.68           64.10          
78              59.23           63.79          
76              59.28           63.85          
74              61.19           63.89          
72              62.57           64.10          
70              55.49           64.32          
68              61.26           64.56          
66              61.79           64.44          
64              63.23           64.66          
62              60.31           64.73          
60              59.60           65.01          
58              61.70           65.15          
56              57.37           65.18          
54              65.42           65.35          
52              66.76           65.97          
50              66.75           66.66          
48              67.39           65.86          
46              69.71           47.47          
44              68.71           28.67          
42              62.90           28.63          
40              60.02           28.54          
38              57.92           25.76          
36              60.94           25.31          
34              48.30           24.35          
32              49.05           24.14          
30              36.28           23.67          
28              28.61           23.43          
26              24.54           23.62          
24              24.03           23.39          
22              23.94           23.40          
20              23.02           23.20          
18              24.00           23.45          
16              25.34           23.45          
14              40.00           23.46          
12              44.60           23.46          
10              50.12           23.71          
8               50.43           23.94          
6               50.35           24.42          
4               50.35           24.64          
2               50.90           25.18          
0               52.02           27.17          
Object#    Angle      Distance   Width     
1          42   14   28.49      28        
2          164  146  23.45      18        

Count: 2
Angle (Degrees) DistIR (cm)     Dist PING (cm) 
180             45.24           38.31          
178             64.73           69.14          
176             66.88           69.62          
174             63.45           69.15          
172             59.74           69.12          
170             64.49           68.66          
168             63.34           69.03          
166             64.02           69.04          
164             59.83           68.55          
162             62.58           68.12          
160             63.79           68.13          
158             57.94           68.79          
156             61.22           68.55          
154             64.77           68.53          
152             62.58           68.76          
150             58.14           68.54          
148             61.58           68.75          
146             60.20           68.54          
144             64.02           68.75          
142             64.54           68.76          
140             63.01           68.57          
138             64.60           68.63          
136             58.10           69.31          
134             64.95           68.72          
132             64.42           69.19          
130             63.79           20.48          
128             58.77           19.78          
126             66.39           19.32          
124             66.39           19.08          
122             65.54           18.61          
120             61.14           18.56          
118             33.80           18.56          
116             19.99           18.30          
114             18.10           18.09          
112             18.27           18.06          
110             17.91           18.06          
108             17.98           18.04          
106             17.86           18.09          
104             17.59           18.08          
102             18.83           18.08          
100             21.93           18.07          
98              37.36           18.33          
96              41.93           18.58          
94              43.66           18.62          
92              47.99           18.85          
90              48.70           19.13          
88              47.21           19.59          
86              45.24           19.84          
84              44.75           29.94          
82              43.47           38.58          
80              41.55           38.30          
78              42.50           38.01          
76              41.98           37.95          
74              41.47           37.46          
72              41.36           37.68          
70              41.19           37.43          
68              38.05           37.15          
66              41.42           37.10          
64              41.86           37.13          
62              39.88           37.08          
60              43.33           36.85          
58              46.12           36.63          
56              45.98           36.63          
54              45.98           36.85          
52              46.32           36.86          
50              44.69           37.09          
48              40.90           36.89          
46              42.15           37.14          
44              42.35           36.91          
42              42.32           37.14          
40              39.61           37.21          
38              41.53           37.23          
36              39.93           37.50          
34              41.92           37.53          
32              43.45           37.81          
30              44.43           38.10          
28              50.20           38.15          
26              76.13           38.46          
24              84.39           38.74          
22              68.89           39.27          
20              73.44           39.54          
18              73.46           39.86          
16              85.00           40.15          
14              78.63           79.13          
12              85.00           85.00          
10              84.85           85.00          
8               85.00           85.00          
6               85.00           85.00          
4               85.00           85.00          
2               85.00           85.00          
0               80.01           85.00          
Object#    Angle      Distance   Width     
1          80   60   18.07      20        

Count: 1
Angle (Degrees) DistIR (cm)     Dist PING (cm) 
180             26.47           25.37          
178             65.45           52.21          
176             68.77           41.62          
174             66.94           41.27          
172             67.64           54.39          
170             68.01           66.53          
168             66.57           66.01          
166             60.92           65.97          
164             65.56           65.45          
162             64.02           65.43          
160             64.37           64.94          
158             63.79           64.66          
156             58.23           64.84          
154             58.93           64.80          
152             62.01           64.56          
150             61.47           63.86          
148             61.47           63.83          
146             60.95           64.20          
144             54.35           63.53          
142             59.28           64.13          
140             61.16           63.70          
138             59.89           63.91          
136             59.69           63.91          
134             55.69           63.91          
132             59.18           63.70          
130             60.10           63.92          
128             54.51           63.94          
126             58.88           63.95          
124             59.84           63.93          
122             57.15           63.99          
120             61.90           63.99          
118             61.19           63.99          
116             51.56           64.03          
114             53.99           64.50          
112             52.72           64.98          
110             56.39           64.80          
108             59.15           64.91          
106             61.95           65.41          
104             63.11           16.65          
102             66.15           15.31          
100             65.19           14.83          
98              60.94           14.78          
96              50.35           14.60          
94              32.41           14.42          
92              19.54           14.43          
90              15.09           14.42          
88              14.05           14.42          
86              13.55           13.79          
84              13.16           13.79          
82              13.08           13.74          
80              13.11           13.76          
78              13.26           13.79          
76              13.25           13.80          
74              14.06           13.79          
72              17.92           14.13          
70              26.88           14.13          
68              44.25           14.42          
66              44.81           14.60          
64              45.99           14.43          
62              44.88           15.07          
60              42.12           15.56          
58              41.36           16.04          
56              40.97           17.22          
54              40.97           36.72          
52              41.41           37.05          
50              38.31           36.78          
48              41.03           36.78          
46              42.09           36.51          
44              43.33           36.72          
42              44.02           36.69          
40              44.72           36.27          
38              46.22           36.46          
36              46.32           36.67          
34              44.43           36.68          
32              42.97           36.48          
30              42.15           36.76          
28              41.08           36.75          
26              39.04           36.79          
24              40.92           36.83          
22              41.02           36.83          
20              38.52           37.10          
18              42.21           37.38          
16              42.09           37.43          
14              42.50           37.51          
12              43.15           37.78          
10              44.62           38.06          
8               46.18           38.11          
6               50.90           38.37          
4               64.56           38.77          
2               79.77           39.01          
0               74.95           39.72          
Object#    Angle      Distance   Width     
1          108  82   14.13      26        

Count: 1
Angle (Degrees) DistIR (cm)     Dist PING (cm) 
180             34.84           23.32          
178             62.63           64.88          
176             63.34           66.63          
174             65.93           65.88          
172             64.15           65.15          
170             62.46           65.56          
168             61.69           64.59          
166             61.47           64.13          
164             61.36           64.32          
162             62.12           63.78          
160             60.63           63.77          
158             60.74           63.53          
156             60.94           63.70          
154             53.90           63.26          
152             59.69           63.24          
150             59.64           63.23          
148             59.69           63.21          
146             59.59           63.22          
144             53.59           62.99          
142             59.28           63.22          
140             59.53           63.00          
138             56.08           63.00          
136             60.05           63.00          
134             59.48           63.02          
132             55.90           63.20          
130             59.53           63.20          
128             61.69           63.00          
126             61.55           63.50          
124             61.79           39.22          
122             61.52           13.88          
120             60.94           12.88          
118             61.52           12.41          
116             61.58           11.47          
114             61.90           11.06          
112             51.61           10.80          
110             21.89           10.49          
108             11.63           10.05          
106             10.46           10.27          
104             9.92            10.43          
102             9.62            10.43          
100             9.39            10.45          
98              9.37            10.45          
96              9.36            10.22          
94              9.53            10.22          
92              9.53            10.25          
90              10.24           10.28          
88              10.84           9.59           
86              15.21           10.32          
84              26.70           10.33          
82              39.12           11.08          
80              40.54           10.83          
78              43.39           11.98          
76              42.09           12.45          
74              42.27           13.17          
72              40.92           13.43          
70              37.08           14.18          
68              38.23           33.91          
66              37.55           33.86          
64              37.69           33.63          
62              36.94           33.36          
60              37.98           33.31          
58              37.88           33.49          
56              37.83           33.27          
54              35.95           33.03          
52              39.02           33.28          
50              40.37           33.02          
48              40.86           33.27          
46              38.87           33.28          
44              40.92           33.27          
42              39.95           33.27          
40              36.08           33.05          
38              37.93           33.27          
36              35.74           33.27          
34              37.74           33.32          
32              37.93           33.37          
30              36.08           33.63          
28              37.50           33.43          
26              36.50           33.91          
24              38.92           33.96          
22              39.17           34.01          
20              39.84           34.53          
18              40.38           34.57          
16              41.02           34.88          
14              43.45           35.39          
12              46.78           35.46          
10              63.68           35.84          
8               75.62           40.00          
6               76.48           41.37          
4               83.33           44.88          
2               84.03           81.50          
0               85.00           85.00          
Object#    Angle      Distance   Width     
1          94   68   10.32      26        

Count: 1
Angle (Degrees) DistIR (cm)     Dist PING (cm) 
180             21.33           19.57          
178             61.92           52.05          
176             66.57           74.84          
174             67.77           85.00          
172             65.20           64.16          
170             63.80           62.72          
168             63.91           62.92          
166             63.68           62.67          
164             63.51           61.94          
162             62.01           62.10          
160             60.91           61.16          
158             55.41           61.57          
156             60.33           60.83          
154             59.53           61.01          
152             59.69           60.96          
150             55.11           60.65          
148             59.15           59.95          
146             57.60           60.20          
144             53.91           59.98          
142             57.60           59.93          
140             57.31           59.93          
138             57.80           59.93          
136             57.70           59.87          
134             57.04           59.82          
132             56.76           59.82          
130             58.09           59.82          
128             53.12           59.62          
126             54.87           59.86          
124             52.65           59.88          
122             57.03           59.93          
120             57.03           59.93          
118             58.59           60.36          
116             58.44           60.21          
114             58.88           60.75          
112             59.75           60.55          
110             53.54           60.42          
108             59.69           11.39          
106             55.29           9.19           
104             59.91           8.81           
102             62.01           8.65           
100             61.15           9.07           
98              53.43           9.02           
96              31.55           8.51           
94              11.54           8.03           
92              7.36            7.57           
90              6.80            7.33           
88              6.43            7.10           
86              6.44            7.09           
84              6.28            6.87           
82              6.39            6.64           
80              6.40            6.64           
78              6.40            6.65           
76              6.39            6.87           
74              6.41            7.10           
72              6.36            7.10           
70              6.73            7.10           
68              7.63            7.57           
66              15.40           8.04           
64              38.17           8.56           
62              38.94           8.56           
60              37.63           8.66           
58              38.87           8.28           
56              34.99           8.30           
54              37.08           9.01           
52              35.06           22.18          
50              36.44           32.46          
48              37.22           32.43          
46              37.03           32.38          
44              37.23           32.37          
42              39.02           32.38          
40              40.00           32.12          
38              40.43           32.15          
36              40.11           32.14          
34              39.75           32.36          
32              39.12           32.38          
30              38.03           32.42          
28              36.75           32.40          
26              37.15           32.47          
24              36.85           32.46          
22              35.15           32.52          
20              37.03           32.19          
18              36.14           33.02          
16              38.08           32.84          
14              38.57           33.33          
12              38.94           33.25          
10              38.82           33.65          
8               37.88           33.73          
6               40.60           34.37          
4               38.74           34.36          
2               42.50           35.03          
0               44.37           35.61          
Object#    Angle      Distance   Width     
1          114  82   8.04       32        

Count: 1
