Angle (Degrees) DistIR (cm)   
180             85.00
178             85.00
176             85.00
174             85.00
172             85.00
170             85.00
168             85.00
166             85.00
164             85.00
162             85.00
160             85.00
158             85.00
156             85.00
154             85.00
152             85.00
150             78.53
148             45.13
146             41.92
144             39.94
142             37.43
140             36.43
138             35.52
136             35.51
134             34.95
132             34.79
130             34.90
128             35.42
126             35.91
124             36.51
122             38.85
120             49.82
118             85.00
116             85.00
114             85.00
112             85.00
110             85.00
108             85.00
106             85.00
104             85.00
102             85.00
100             85.00
98              85.00
96              85.00
94              85.00
92              85.00
90              85.00
88              85.00
86              85.00
84              85.00
82              85.00
80              85.00
78              85.00
76              85.00
74              85.00
72              85.00
70              85.00
68              85.00
66              85.00
64              85.00
62              85.00
60              85.00
58              85.00
56              85.00
54              85.00
52              85.00
50              85.00
48              56.00
46              44.32
44              39.38
42              38.06
40              37.14
38              36.59
36              36.82
34              37.54
32              38.17
30              42.58
28              68.51
26              85.00
24              85.00
22              85.00
20              85.00
18              85.00
16              85.00
14              85.00
12              85.00
10              85.00
8               85.00
6               85.00
4               85.00
2               85.00
0               85.00
