Angle (Degrees) DistIR (cm)     Dist PING (cm) 
180             60.68           27.99          
178             57.80           28.33          
176             59.64           46.59          
174             57.41           28.65          
172             58.10           28.16          
170             57.99           28.08          
168             58.39           28.05          
166             58.52           28.26          
164             57.70           28.17          
162             58.19           28.34          
160             58.58           28.30          
158             57.70           28.24          
156             58.69           27.77          
154             55.37           27.72          
152             50.20           27.73          
150             30.97           27.56          
148             25.94           27.19          
146             26.99           27.19          
144             27.07           27.44          
142             26.27           27.19          
140             26.39           27.19          
138             27.90           27.43          
136             25.58           27.19          
134             28.41           27.47          
132             31.98           27.45          
130             43.81           27.72          
128             48.27           27.76          
126             48.28           28.02          
124             54.65           28.28          
122             48.10           28.33          
120             55.01           28.17          
118             56.95           28.00          
116             49.24           28.05          
114             56.65           28.09          
112             50.32           28.80          
110             56.56           28.89          
108             57.80           29.80          
106             58.10           29.65          
104             57.80           33.64          
102             59.23           58.03          
100             52.64           57.81          
98              57.14           58.26          
96              58.93           60.04          
94              58.19           58.15          
92              58.88           57.67          
90              51.67           52.41          
88              57.33           57.87          
86              55.91           56.96          
84              56.00           57.09          
82              56.09           57.06          
80              56.85           54.91          
78              55.91           57.85          
76              54.87           57.40          
74              49.99           57.38          
72              54.66           57.96          
70              55.82           57.65          
68              55.64           58.16          
66              50.62           57.57          
64              54.12           42.60          
62              50.61           42.63          
60              54.12           28.25          
58              54.84           28.31          
56              51.65           28.27          
54              54.92           28.23          
52              51.70           28.15          
50              55.64           28.13          
48              55.82           27.42          
46              56.95           26.95          
44              52.85           26.71          
42              34.57           26.71          
40              26.89           26.65          
38              25.29           26.66          
36              24.95           26.65          
34              25.33           26.70          
32              35.21           26.71          
30              54.84           26.71          
28              54.55           26.76          
26              63.80           26.97          
24              64.73           27.13          
22              60.30           27.95          
20              64.93           27.76          
18              58.91           28.23          
16              63.68           28.28          
14              64.95           28.33          
12              60.19           27.98          
10              66.57           28.05          
8               66.14           28.12          
6               61.47           28.19          
4               67.57           74.55          
2               67.13           74.61          
0               53.76           74.69          
180             59.37           34.30          
178             79.25           49.83          
176             78.60           47.95          
174             71.55           40.72          
172             64.68           34.10          
170             60.29           29.88          
168             58.24           27.93          
166             57.38           27.36          
164             57.36           27.50          
162             57.76           27.81          
160             57.87           28.06          
158             58.18           28.04          
156             57.35           27.93          
154             54.69           27.83          
152             45.89           27.70          
150             36.31           27.49          
148             30.01           27.32          
146             26.93           27.30          
144             25.68           27.26          
142             25.50           27.22          
140             26.24           27.28          
138             26.27           27.27          
136             26.99           27.33          
134             28.89           27.39          
132             34.50           27.52          
130             40.96           27.65          
128             45.55           27.81          
126             50.12           28.02          
124             50.97           28.20          
122             52.60           28.25          
120             54.59           28.18          
118             53.47           28.12          
116             54.16           28.09          
114             53.11           28.31          
112             53.91           28.58          
110             55.47           29.08          
108             56.87           29.43          
106             57.64           30.96          
104             58.43           40.49          
102             56.76           49.44          
100             56.33           55.36          
98              57.05           58.90          
96              57.67           59.82          
94              58.28           59.41          
92              56.28           56.94          
90              55.96           56.43          
88              55.84           56.43          
86              55.85           56.65          
84              55.94           56.86          
82              56.27           56.28          
80              56.26           56.61          
78              55.79           56.99          
76              53.70           57.24          
74              53.33           57.56          
72              54.03           57.70          
70              54.80           57.90          
68              53.66           57.86          
66              53.44           52.76          
64              52.42           47.68          
62              52.65           39.51          
60              53.45           33.06          
58              53.12           29.31          
56              53.61           27.70          
54              53.14           27.31          
52              53.81           27.46          
50              54.71           27.49          
48              55.75           27.32          
46              55.13           27.06          
44              48.07           26.86          
42              38.66           26.72          
40              31.06           26.66          
38              26.50           26.63          
36              24.58           26.65          
34              27.49           26.67          
32              37.57           26.69          
30              46.59           26.72          
28              55.33           26.81          
26              61.38           26.95          
24              63.04           27.33          
22              64.22           27.60          
20              62.85           27.90          
18              62.67           28.13          
16              63.37           28.27          
14              62.54           28.22          
12              63.61           28.15          
10              64.81           28.11          
8               64.10           28.13          
6               65.02           43.61          
4               66.03           59.10          
2               44.35           44.56          
0               53.76           74.69          
Object#    Angle      Distance   Width     
1          27         27.52      42        
2          141        26.67      10        

Count: 2
Angle (Degrees) DistIR (cm)     Dist PING (cm) 
180             74.18           60.88          
178             102.51          80.00          
176             106.12          74.52          
174             100.28          70.29          
172             93.24           69.54          
170             88.15           74.44          
168             85.40           79.59          
166             84.35           83.11          
164             84.22           84.92          
162             84.43           85.54          
160             84.69           85.57          
158             84.88           85.39          
156             84.99           85.20          
154             81.44           85.07          
152             81.45           85.00          
150             78.10           78.41          
148             78.15           78.40          
146             73.10           75.94          
144             74.66           78.14          
142             76.17           74.93          
140             74.97           70.52          
138             70.89           73.88          
136             67.09           73.08          
134             64.10           76.79          
132             62.49           78.73          
130             62.06           79.91          
128             60.64           76.16          
126             58.87           68.58          
124             61.42           71.53          
122             65.08           72.14          
120             68.40           74.18          
118             69.77           73.37          
116             70.14           74.48          
114             69.67           71.04          
112             69.48           67.48          
110             68.91           72.13          
108             67.18           77.97          
106             66.48           82.26          
104             66.38           84.60          
102             65.53           85.52          
100             62.06           85.65          
98              59.81           85.48          
96              58.73           85.26          
94              60.00           85.10          
92              60.22           80.95          
90              61.66           74.30          
88              61.73           75.66          
86              61.21           72.84          
84              61.23           66.82          
82              61.54           51.94          
80              61.37           39.11          
78              61.71           31.22          
76              62.16           27.60          
74              63.56           26.59          
72              64.70           26.77          
70              65.28           26.82          
68              65.17           26.96          
66              64.81           26.99          
64              63.80           26.76          
62              58.98           26.52          
60              46.63           26.35          
58              34.99           26.19          
56              26.92           26.09          
54              23.42           26.13          
52              22.97           26.20          
50              29.82           26.38          
48              41.60           26.47          
46              49.69           26.50          
44              55.79           26.59          
42              58.53           26.67          
40              59.10           26.81          
38              58.87           27.31          
36              58.10           27.79          
34              57.71           28.11          
32              57.98           28.22          
30              58.37           28.18          
28              58.34           34.31          
26              58.35           40.40          
24              58.07           50.50          
22              58.31           58.79          
20              58.54           63.57          
18              58.94           65.60          
16              59.29           66.13          
14              59.82           65.99          
12              59.90           65.82          
10              60.10           65.78          
8               58.92           65.75          
6               59.71           65.74          
4               60.67           65.77          
2               40.76           43.86          
0               61.47           66.96          
Object#    Angle      Distance   Width     
1          68         26.38      124       

Count: 1
Angle (Degrees) DistIR (cm)     Dist PING (cm) 
180             77.02           42.73          
178             105.36          53.12          
176             108.02          52.56          
174             101.23          48.29          
172             93.56           44.31          
170             88.15           41.20          
168             85.30           36.83          
166             84.25           34.85          
164             84.15           32.00          
162             84.40           32.56          
160             83.26           31.57          
158             82.35           33.87          
156             80.01           34.11          
154             73.21           32.69          
152             69.77           30.73          
150             64.76           29.26          
148             63.45           28.47          
146             63.78           28.08          
144             63.37           27.99          
142             63.01           28.05          
140             62.25           28.17          
138             62.08           28.21          
136             59.79           28.21          
134             60.52           28.18          
132             61.89           28.17          
130             63.93           28.16          
128             66.19           28.15          
126             65.03           28.13          
124             63.10           28.12          
122             61.12           28.14          
120             60.25           29.47          
118             58.48           33.54          
116             59.66           43.95          
114             61.47           61.11          
112             62.04           74.79          
110             62.64           82.75          
108             62.17           86.16          
106             62.00           78.79          
104             61.86           78.40          
102             61.04           80.47          
100             57.63           82.67          
98              54.09           73.19          
96              52.59           73.68          
94              53.89           61.10          
92              57.47           64.87          
90              60.46           62.17          
88              62.57           68.88          
86              63.64           76.49          
84              65.25           72.42          
82              66.14           68.55          
80              66.61           54.46          
78              66.57           59.94          
76              66.71           51.87          
74              66.16           42.18          
72              65.35           34.33          
70              64.02           28.46          
68              62.55           23.97          
66              61.75           21.63          
64              59.31           20.43          
62              57.03           19.86          
60              47.41           19.63          
58              34.89           19.59          
56              25.41           19.62          
54              19.75           19.67          
52              17.48           19.63          
50              17.38           19.65          
48              19.37           19.60          
46              29.32           19.63          
44              41.23           19.74          
42              49.94           19.78          
40              54.68           19.92          
38              56.96           20.37          
36              56.31           20.79          
34              54.97           21.14          
32              54.86           21.63          
30              55.18           23.93          
28              54.45           26.71          
26              53.45           39.04          
24              54.47           50.52          
22              55.87           57.89          
20              57.26           61.52          
18              56.69           62.74          
16              55.90           62.81          
14              56.69           62.55          
12              58.09           62.16          
10              59.20           61.87          
8               59.66           61.83          
6               59.27           62.12          
4               60.44           61.94          
2               40.68           41.24          
0               62.34           62.38          
Object#    Angle      Distance   Width     
1          69         19.60      126       

Count: 1
Angle (Degrees) DistIR (cm)     Dist PING (cm) 
180             72.30           68.72          
178             100.63          97.05          
176             104.87          102.48         
174             99.66           98.46          
172             93.03           92.64          
170             88.15           88.15          
168             85.47           85.60          
166             84.42           84.55          
164             84.26           84.35          
162             84.46           74.29          
160             84.70           65.44          
158             84.88           60.87          
156             84.98           67.39          
154             85.02           75.43          
152             85.03           81.30          
150             85.02           84.49          
148             85.01           85.72          
146             85.00           85.89          
144             85.00           85.65          
142             83.31           81.48          
140             82.09           80.24          
138             79.22           77.18          
136             76.38           72.09          
134             73.56           70.27          
132             70.13           67.31          
130             67.26           63.48          
128             65.62           62.49          
126             64.54           63.70          
124             63.41           65.82          
122             60.48           71.98          
120             57.96           78.37          
118             58.01           82.22          
116             59.36           81.01          
114             61.07           76.87          
112             62.17           78.20          
110             60.88           74.60          
108             61.32           73.93          
106             63.00           77.40          
104             64.73           77.64          
102             64.50           75.96          
100             64.89           78.41          
98              63.60           81.42          
96              61.25           71.43          
94              61.67           67.18          
92              62.83           71.71          
90              63.85           77.64          
88              63.32           82.08          
86              61.88           78.14          
84              61.02           70.35          
82              60.71           54.02          
80              59.10           54.63          
78              58.04           64.96          
76              58.70           75.08          
74              57.61           79.67          
72              55.72           82.98          
70              56.06           84.75          
68              56.68           71.93          
66              57.31           72.01          
64              59.22           69.03          
62              61.45           73.36          
60              63.53           78.68          
58              65.05           82.56          
56              66.13           84.67          
54              66.66           72.07          
52              66.78           65.76          
50              65.28           51.66          
48              64.80           39.11          
46              64.30           32.13          
44              63.95           28.95          
42              62.90           27.66          
40              62.42           27.43          
38              60.16           27.60          
36              59.56           26.28          
34              59.45           24.88          
32              58.51           23.86          
30              56.83           23.35          
28              49.01           22.98          
26              37.53           22.93          
24              28.09           22.85          
22              22.39           22.62          
20              20.02           22.52          
18              19.53           22.67          
16              22.92           22.84          
14              33.59           22.88          
12              44.71           22.95          
10              52.78           23.07          
8               57.34           23.24          
6               59.21           23.31          
4               58.10           23.45          
2               38.36           15.69          
0               56.78           46.74          
Object#    Angle      Distance   Width     
1          85         22.84      158       

Count: 1
Angle (Degrees) DistIR (cm)     Dist PING (cm) 
180             77.56           70.56          
178             105.89          98.90          
176             108.37          103.71         
174             101.41          99.08          
172             93.62           92.84          
170             88.15           88.15          
168             85.28           85.53          
166             84.23           84.49          
164             84.13           79.35          
162             84.39           73.53          
160             84.68           70.32          
158             84.88           64.20          
156             84.99           62.36          
154             85.03           69.30          
152             85.03           76.84          
150             85.02           82.08          
148             85.01           84.80          
146             85.00           85.77          
144             85.00           82.90          
142             85.00           82.64          
140             85.00           83.34          
138             85.00           84.13          
136             85.00           84.68          
134             84.07           84.97          
132             80.99           85.08          
130             77.81           85.09          
128             73.60           80.39          
126             70.85           80.36          
124             68.01           81.89          
122             65.51           83.44          
120             62.56           84.48          
118             60.48           85.00          
116             58.91           85.17          
114             57.57           85.17          
112             58.83           81.45          
110             60.90           81.40          
108             61.73           82.58          
106             60.03           78.25          
104             58.76           75.45          
102             59.64           74.89          
100             61.65           71.73          
98              63.92           69.40          
96              65.58           71.00          
94              67.33           68.97          
92              67.52           61.37          
90              65.54           51.92          
88              64.73           46.71          
86              64.93           43.42          
84              65.06           56.18          
82              63.53           70.04          
80              63.27           79.65          
78              63.10           76.21          
76              61.18           70.04          
74              61.43           62.79          
72              61.86           54.34          
70              62.43           61.74          
68              61.36           71.96          
66              60.94           79.71          
64              59.10           84.06          
62              57.81           85.82          
60              56.07           86.14          
58              57.36           81.30          
56              60.45           80.92          
54              62.01           82.15          
52              63.99           83.51          
50              65.64           78.15          
48              67.23           78.64          
46              68.27           65.35          
44              68.08           65.58          
42              67.33           53.19          
40              66.52           47.90          
38              65.22           39.59          
36              64.12           39.95          
34              63.88           41.81          
32              63.69           38.13          
30              63.14           33.58          
28              62.86           30.84          
26              61.99           29.07          
24              60.99           29.17          
22              59.17           28.58          
20              58.79           26.81          
18              58.96           25.53          
16              58.95           24.60          
14              57.49           23.95          
12              50.49           23.60          
10              39.06           23.60          
8               29.39           23.64          
6               23.57           23.62          
4               21.05           23.57          
2               13.20           15.70          
0               23.76           23.75          
Object#    Angle      Distance   Width     

Count: 0
Angle (Degrees) DistIR (cm)     Dist PING (cm) 
180             85.00           85.00          
178             113.33          113.33         
176             113.33          113.33         
174             103.89          97.72          
172             94.44           88.28          
170             88.15           82.53          
168             85.00           81.44          
166             83.95           82.26          
164             82.18           83.45          
162             76.24           84.36          
160             69.75           84.88          
158             65.02           84.79          
156             62.58           66.23          
154             62.15           47.41          
152             62.55           35.09          
150             63.26           28.76          
148             63.48           25.82          
146             64.67           24.35          
144             65.56           24.03          
142             65.01           23.79          
140             63.68           23.79          
138             60.20           23.71          
136             49.86           23.64          
134             37.44           23.43          
132             28.04           23.40          
130             22.52           23.36          
128             20.59           23.48          
126             21.09           23.54          
124             28.48           23.64          
122             39.82           23.88          
120             49.17           24.10          
118             54.98           25.00          
116             57.85           32.36          
114             58.18           33.61          
112             58.07           32.63          
110             56.48           31.18          
108             55.42           29.87          
106             55.54           40.38          
104             56.32           51.60          
102             56.84           59.04          
100             57.08           62.59          
98              57.07           63.90          
96              57.08           63.94          
94              56.97           63.70          
92              56.96           63.32          
90              56.96           63.03          
88              57.63           63.01          
86              56.57           62.76          
84              54.97           62.61          
82              56.04           62.59          
80              57.38           60.03          
78              58.51           60.46          
76              59.35           55.44          
74              59.50           54.13          
72              60.13           55.66          
70              60.65           52.38          
68              59.84           56.22          
66              60.55           54.36          
64              60.99           57.96          
62              62.00           59.63          
60              60.58           68.64          
58              60.54           77.10          
56              60.15           82.55          
54              59.66           85.19          
52              57.00           75.06          
50              55.65           74.99          
48              55.53           76.76          
46              54.21           80.09          
44              53.29           82.84          
42              53.12           84.48          
40              54.43           73.08          
38              53.45           72.23          
36              50.69           76.20          
34              48.63           80.46          
32              50.63           83.39          
30              53.59           84.91          
28              56.24           85.44          
26              56.77           85.47          
24              55.35           85.33          
22              55.53           85.17          
20              56.18           85.06          
18              57.43           85.00          
16              57.65           84.98          
14              59.04           84.98          
12              60.17           84.99          
10              60.95           84.99          
8               60.98           76.88          
6               58.93           76.89          
4               58.88           75.50          
2               39.24           49.87          
0               78.35           42.05          
Object#    Angle      Distance   Width     
1          31         23.64      50        

Count: 1
Angle (Degrees) DistIR (cm)     Dist PING (cm) 
180             62.13           57.44          
178             82.62           80.27          
176             82.33           84.15          
174             73.95           80.14          
172             66.82           74.81          
170             62.26           70.89          
168             60.69           68.75          
166             60.10           67.91          
164             59.63           67.83          
162             59.37           67.64          
160             59.46           67.63          
158             59.46           66.66          
156             59.61           66.73          
154             60.26           65.90          
152             60.84           66.58          
150             60.47           67.56          
148             60.57           68.25          
146             61.25           68.77          
144             61.41           68.99          
142             61.35           69.20          
140             61.32           69.34          
138             62.08           69.44          
136             62.32           69.66          
134             62.81           69.95          
132             63.97           70.47          
130             64.92           70.99          
128             65.38           73.09          
126             65.79           73.65          
124             65.65           73.46          
122             63.71           77.24          
120             62.47           78.39          
118             61.72           80.98          
116             59.22           79.64          
114             57.85           80.98          
112             56.18           82.77          
110             54.87           84.11          
108             54.39           84.85          
106             52.65           85.15          
104             52.13           85.20          
102             53.28           85.15          
100             54.81           78.83          
98              56.19           78.78          
96              56.86           78.33          
94              57.81           80.40          
92              58.03           79.94          
90              58.48           78.59          
88              57.45           73.76          
86              57.75           63.55          
84              58.57           54.95          
82              59.95           49.39          
80              61.00           47.82          
78              61.52           47.03          
76              61.28           48.82          
74              59.24           49.67          
72              59.06           49.69          
70              59.55           49.45          
68              60.87           49.75          
66              61.37           49.88          
64              59.04           49.54          
62              58.10           48.47          
60              58.33           48.64          
58              58.64           46.22          
56              59.03           44.98          
54              57.32           39.01          
52              56.92           33.80          
50              56.63           30.19          
48              57.76           28.62          
46              58.70           30.10          
44              59.72           37.86          
42              58.91           45.84          
40              59.06           49.93          
38              58.73           51.47          
36              59.71           59.37          
34              57.91           70.55          
32              56.62           79.09          
30              59.58           83.91          
28              65.72           85.88          
26              74.19           86.24          
24              80.62           85.95          
22              84.22           85.54          
20              85.68           85.22          
18              85.94           85.04          
16              85.71           84.97          
14              85.40           84.95          
12              85.16           84.96          
10              85.03           84.98          
8               84.45           84.99          
6               82.05           85.00          
4               81.22           85.00          
2               53.87           56.67          
0               57.98           85.00          
Object#    Angle      Distance   Width     
1          79         85.88      146       

Count: 1
Angle (Degrees) DistIR (cm)     Dist PING (cm) 
Angle (Degrees) DistIR (cm)     Dist PING (cm) 
180             85.00           85.00          
178             113.33          113.33         
176             113.33          113.33         
174             103.89          102.59         
172             94.44           93.15          
170             88.15           87.28          
168             85.00           84.57          
166             83.95           83.81          
164             83.95           83.95          
162             84.30           84.35          
160             84.65           84.70          
158             84.88           84.92          
156             85.00           85.02          
154             85.04           85.04          
152             85.04           85.04          
150             85.03           85.02          
148             85.01           85.01          
146             85.00           85.00          
144             85.00           85.00          
142             85.00           85.00          
140             85.00           85.00          
138             85.00           76.33          
136             85.00           76.33          
134             85.00           75.88          
132             85.00           78.77          
130             85.00           81.81          
128             85.00           73.60          
126             85.00           70.26          
124             85.00           67.51          
122             85.00           60.87          
120             85.00           62.75          
118             85.00           59.50          
116             85.00           55.68          
114             85.00           62.05          
112             85.00           64.63          
110             85.00           62.62          
108             85.00           67.68          
106             85.00           69.79          
104             85.00           70.47          
102             85.00           74.39          
100             85.00           79.23          
98              85.00           82.77          
96              85.00           78.49          
94              85.00           76.60          
92              85.00           57.51          
90              85.00           36.66          
88              85.00           21.81          
86              85.00           13.97          
84              85.00           10.98          
82              82.28           10.59          
80              67.70           11.05          
78              45.87           11.62          
76              27.34           11.90          
74              15.69           11.97          
72              10.12           11.95          
70              8.23            11.90          
68              8.29            11.86          
66              8.96            11.77          
64              9.49            11.76          
62              9.96            11.78          
60              10.42           11.81          
58              10.96           11.85          
56              12.16           12.09          
54              16.20           12.41          
52              27.69           12.73          
50              48.46           13.03          
48              67.57           13.38          
46              79.75           16.22          
44              85.56           22.33          
42              87.31           30.78          
40              87.12           33.18          
38              86.35           32.42          
36              85.65           30.73          
34              85.19           29.29          
32              84.98           28.43          
30              84.91           28.96          
28              84.92           37.38          
26              84.95           56.06          
24              84.98           71.94          
22              83.14           67.63          
20              83.15           54.63          
18              83.77           41.44          
16              84.38           32.61          
14              84.80           28.13          
12              80.27           26.70          
10              80.34           30.43          
8               78.32           35.49          
6               77.46           43.16          
4               76.22           49.34          
2               50.40           34.95          
0               66.38           21.00          
Object#    Angle      Distance   Width     
1          126  6    12.41      120       

Count: 1
Angle (Degrees) DistIR (cm)     Dist PING (cm) 
180             85.00           85.00          
178             113.33          113.33         
176             113.33          113.33         
174             103.89          103.89         
172             94.44           94.44          
170             88.15           88.15          
168             82.22           85.00          
166             81.17           83.95          
164             82.10           83.95          
162             83.37           84.30          
160             84.34           84.65          
158             84.88           80.74          
156             85.10           80.85          
154             85.14           76.27          
152             85.11           77.65          
150             85.06           80.56          
148             85.02           83.01          
146             85.00           84.49          
144             85.00           85.15          
142             84.99           85.32          
140             85.00           85.27          
138             85.00           83.80          
136             85.00           83.70          
134             85.00           84.11          
132             85.00           81.80          
130             85.00           76.10          
128             85.00           77.17          
126             85.00           75.75          
124             85.00           74.75          
122             85.00           74.69          
120             85.00           76.36          
118             85.00           76.99          
116             85.00           76.93          
114             85.00           76.50          
112             85.00           75.53          
110             85.00           75.33          
108             85.00           63.01          
106             85.00           41.26          
104             85.00           23.47          
102             83.57           12.91          
100             82.72           8.19           
98              76.71           6.89           
96              60.35           7.01           
94              39.11           7.49           
92              21.65           7.84           
90              10.89           8.03           
88              5.91            8.03           
86              4.48            7.96           
84              4.69            7.95           
82              5.32            7.84           
80              5.92            7.86           
78              6.31            7.91           
76              6.52            7.89           
74              6.62            7.92           
72              6.69            7.97           
70              6.88            8.08           
68              7.48            8.19           
66              10.19           8.49           
64              17.06           8.83           
62              31.46           9.02           
60              50.96           9.34           
58              68.80           9.54           
56              80.15           9.90           
54              85.55           35.05          
52              87.17           51.27          
50              86.98           67.92          
48              86.26           71.93          
46              85.60           77.62          
44              85.18           69.33          
42              84.98           61.82          
40              84.92           54.17          
38              84.93           43.02          
36              84.95           36.71          
34              84.98           33.95          
32              84.99           33.82          
30              85.00           49.83          
28              85.00           58.47          
26              85.00           69.83          
24              80.25           66.67          
22              76.26           54.74          
20              75.03           46.07          
18              73.22           40.41          
16              69.49           38.19          
14              69.66           40.80          
12              74.83           40.64          
10              79.95           38.34          
8               83.33           36.02          
6               85.02           33.71          
4               85.57           38.88          
2               57.23           27.64          
0               85.00           49.46          
Object#    Angle      Distance   Width     
1          116  6    8.83       110       

Count: 1
Angle (Degrees) DistIR (cm)     Dist PING (cm) 
180             85.00           85.00          
178             113.33          113.33         
176             113.33          113.33         
174             103.89          103.89         
172             94.44           94.44          
170             88.15           88.15          
168             85.00           85.00          
166             83.95           83.95          
164             83.95           83.95          
162             84.30           84.30          
160             84.65           84.65          
158             84.88           60.58          
156             85.00           36.02          
154             85.04           19.48          
152             85.04           11.12          
150             85.03           8.23           
148             85.01           7.95           
146             73.41           8.56           
144             50.13           9.20           
142             28.80           9.55           
140             14.86           9.68           
138             7.87            9.59           
136             5.42            9.45           
134             5.29            9.34           
132             5.95            9.27           
130             6.70            9.24           
128             7.29            9.25           
126             7.78            9.37           
124             8.34            9.58           
122             10.44           9.75           
120             19.92           9.97           
118             37.26           10.22          
116             55.09           10.48          
114             67.79           10.68          
112             72.20           10.75          
110             73.39           10.98          
108             77.66           11.47          
106             81.53           36.15          
104             83.97           47.83          
102             85.13           64.12          
100             85.30           76.51          
98              85.25           74.92          
96              85.15           73.79          
94              85.07           61.91          
92              85.02           55.27          
90              85.00           45.61          
88              84.99           43.35          
86              84.99           41.36          
84              84.99           55.24          
82              85.00           58.81          
80              85.00           68.73          
78              85.00           66.40          
76              85.00           71.82          
74              85.00           69.03          
72              85.00           61.50          
70              85.00           59.82          
68              85.00           51.85          
66              85.00           42.52          
64              85.00           41.51          
62              85.00           40.51          
60              85.00           54.97          
58              85.00           69.80          
56              85.00           65.44          
54              85.00           54.93          
52              78.98           45.99          
50              77.02           43.68          
48              74.65           38.50          
46              77.31           37.85          
44              80.76           38.69          
42              83.32           40.01          
40              84.74           42.54          
38              85.30           47.54          
36              85.38           48.40          
34              85.28           45.98          
32              82.65           42.34          
30              77.36           40.43          
28              72.00           39.55          
26              66.96           38.02          
24              60.81           37.36          
22              53.67           36.55          
20              46.66           35.93          
18              42.90           35.66          
16              41.75           35.60          
14              40.92           35.38          
12              40.24           35.18          
10              39.39           34.91          
8               38.41           34.71          
6               36.85           34.60          
4               45.92           33.75          
2               33.63           22.22          
0               85.00           71.45          
Object#    Angle      Distance   Width     
1          58   6    9.75       52        

Count: 1
Angle (Degrees) DistIR (cm)     Dist PING (cm) 
180             85.00           83.02          
178             113.33          111.35         
176             113.33          112.01         
174             103.89          103.23         
172             94.44           94.22          
170             88.15           88.15          
168             85.00           85.07          
166             83.95           84.02          
164             83.95           84.00          
162             84.30           84.32          
160             84.65           84.66          
158             84.88           84.88          
156             85.00           85.00          
154             85.04           85.04          
152             85.04           85.04          
150             85.03           85.03          
148             85.01           85.01          
146             85.00           85.00          
144             85.00           85.00          
142             85.00           85.00          
140             85.00           85.00          
138             85.00           85.00          
136             85.00           85.00          
134             85.00           85.00          
132             85.00           85.00          
130             85.00           85.00          
128             85.00           85.00          
126             85.00           85.00          
124             85.00           85.00          
122             85.00           82.18          
120             85.00           82.18          
118             85.00           83.12          
116             85.00           84.06          
114             85.00           82.25          
112             85.00           82.57          
110             85.00           81.65          
108             85.00           78.42          
106             85.00           79.53          
104             85.00           74.31          
102             85.00           74.43          
100             85.00           69.90          
98              85.00           60.25          
96              85.00           58.80          
94              85.00           59.78          
92              85.00           56.58          
90              85.00           59.80          
88              85.00           64.32          
86              85.00           61.66          
84              85.00           51.80          
82              85.00           45.69          
80              85.00           44.52          
78              85.00           48.51          
76              85.00           62.00          
74              83.74           74.17          
72              83.74           79.55          
70              84.16           83.16          
68              83.90           63.73          
66              82.67           42.93          
64              82.23           28.52          
62              83.00           20.96          
60              82.12           18.12          
58              74.25           17.80          
56              55.27           18.34          
54              37.29           19.05          
52              24.93           19.43          
50              18.70           19.64          
48              16.29           19.80          
46              15.63           19.74          
44              16.43           19.63          
42              17.68           19.69          
40              18.70           19.66          
38              19.33           19.74          
36              29.43           19.85          
34              47.41           19.87          
32              65.93           20.00          
30              78.46           20.14          
28              84.82           20.32          
26              87.00           20.48          
24              87.06           23.18          
22              86.39           26.67          
20              85.71           29.47          
18              85.24           32.96          
16              81.28           46.75          
14              78.22           64.10          
12              75.23           76.85          
10              73.28           83.82          
8               73.02           74.92          
6               73.34           63.60          
4               77.33           59.30          
2               52.89           38.10          
0               85.00           85.00          
Object#    Angle      Distance   Width     

Count: 0
Angle (Degrees) DistIR (cm)     Dist PING (cm) 
180             85.00           80.02          
178             113.33          108.36         
176             113.33          110.01         
174             103.89          102.23         
172             94.44           93.89          
170             88.15           80.93          
168             85.00           77.96          
166             83.95           73.15          
164             83.95           71.42          
162             84.30           72.81          
160             84.65           67.83          
158             84.88           64.60          
156             85.00           61.82          
154             85.04           61.23          
152             85.04           68.96          
150             85.03           76.88          
148             85.01           72.37          
146             85.00           75.07          
144             85.00           79.29          
142             85.00           80.42          
140             85.00           82.33          
138             85.00           79.08          
136             85.00           79.97          
134             85.00           78.42          
132             85.00           75.01          
130             85.00           72.99          
128             85.00           73.74          
126             85.00           73.36          
124             85.00           73.54          
122             85.00           68.69          
120             85.00           68.13          
118             85.00           67.66          
116             85.00           68.91          
114             85.00           70.59          
112             85.00           71.65          
110             85.00           72.85          
108             85.00           73.50          
106             85.00           74.24          
104             85.00           74.84          
102             85.00           78.43          
100             85.00           81.82          
98              85.00           79.63          
96              85.00           80.69          
94              83.99           61.39          
92              83.28           38.86          
90              80.28           22.61          
88              77.98           13.78          
86              72.33           10.13          
84              64.65           9.33           
82              52.01           9.68           
80              37.65           10.22          
78              24.74           10.55          
76              15.68           10.80          
74              10.58           10.93          
72              8.46            10.94          
70              7.92            10.89          
68              8.05            10.78          
66              8.34            10.61          
64              8.62            10.55          
62              8.82            10.54          
60              9.03            10.63          
58              9.38            10.77          
56              10.19           10.88          
54              12.32           10.94          
52              20.67           11.03          
50              35.59           11.19          
48              50.18           11.62          
46              66.65           12.16          
44              78.26           15.71          
42              84.37           39.99          
40              85.17           63.08          
38              84.25           78.09          
36              81.95           78.20          
34              75.66           64.74          
32              69.85           48.46          
30              68.36           36.23          
28              69.07           29.46          
26              72.38           26.82          
24              77.69           26.44          
22              81.90           27.54          
20              84.34           28.97          
18              85.37           29.20          
16              85.59           28.97          
14              85.47           28.68          
12              85.27           28.68          
10              85.11           29.48          
8               78.42           33.53          
6               71.92           37.37          
4               58.76           34.33          
2               34.78           21.87          
0               85.00           71.05          
Object#    Angle      Distance   Width     

Count: 0
Angle (Degrees) DistIR (cm)     Dist PING (cm) 
180             85.00           85.00          
178             113.33          113.33         
176             113.33          113.33         
174             103.89          103.89         
172             94.44           91.33          
170             88.15           85.03          
168             85.00           69.99          
166             83.95           69.97          
164             83.95           56.34          
162             84.30           54.42          
160             84.65           47.11          
158             84.88           49.62          
156             85.00           44.08          
154             85.04           48.96          
152             85.04           46.16          
150             85.03           55.92          
148             85.01           64.19          
146             85.00           73.88          
144             85.00           76.45          
142             85.00           80.15          
140             85.00           80.92          
138             85.00           82.54          
136             85.00           81.18          
134             85.00           78.01          
132             85.00           74.86          
130             85.00           72.96          
128             85.00           72.27          
126             85.00           71.77          
124             85.00           71.79          
122             85.00           71.68          
120             85.00           72.14          
118             85.00           69.94          
116             85.00           65.94          
114             85.00           63.59          
112             85.00           66.84          
110             85.00           69.89          
108             85.00           71.59          
106             85.00           70.77          
104             85.00           68.01          
102             85.00           67.23          
100             85.00           68.61          
98              85.00           65.94          
96              83.81           67.00          
94              81.64           52.13          
92              80.64           34.02          
90              78.84           20.86          
88              76.81           13.59          
86              73.13           10.52          
84              65.08           9.66           
82              52.63           9.80           
80              37.90           10.24          
78              24.79           10.62          
76              15.67           10.86          
74              10.67           10.97          
72              8.59            10.95          
70              8.03            10.90          
68              8.13            10.85          
66              8.49            10.82          
64              8.73            10.80          
62              8.90            10.80          
60              9.12            10.82          
58              9.47            10.87          
56              10.23           10.92          
54              11.91           10.95          
52              20.48           10.96          
50              36.92           11.11          
48              55.52           11.49          
46              71.55           12.06          
44              81.38           12.73          
42              85.86           37.04          
40              87.07           61.13          
38              86.78           77.12          
36              86.09           72.84          
34              79.30           60.02          
32              73.27           46.01          
30              68.72           35.36          
28              68.87           29.39          
26              73.50           27.02          
24              78.88           26.62          
22              82.71           27.23          
20              84.75           28.14          
18              85.52           28.45          
16              85.60           28.43          
14              85.43           28.38          
12              85.23           28.29          
10              85.08           28.20          
8               79.05           28.60          
6               74.07           32.38          
4               60.66           29.35          
2               35.97           18.55          
0               85.00           85.00          
Object#    Angle      Distance   Width     
1          126  6    10.95      120       
2          154  146  27.02      08        

Count: 2
Angle (Degrees) DistIR (cm)     Dist PING (cm) 
180             85.00           76.46          
178             113.33          104.80         
176             113.33          99.32          
174             103.89          92.73          
172             94.44           81.21          
170             88.15           78.63          
168             85.00           74.69          
166             83.95           76.81          
164             83.95           77.63          
162             84.30           80.36          
160             84.65           82.82          
158             84.88           84.36          
156             85.00           85.09          
154             85.04           85.30          
152             85.04           85.27          
150             85.03           85.17          
148             85.01           84.91          
146             85.00           84.85          
144             85.00           84.88          
142             85.00           83.54          
140             85.00           81.11          
138             85.00           80.42          
136             85.00           81.08          
134             85.00           80.65          
132             85.00           80.55          
130             85.00           79.52          
128             85.00           79.35          
126             85.00           79.60          
124             85.00           71.91          
122             85.00           54.76          
120             85.00           38.69          
118             85.00           26.58          
116             85.00           19.58          
114             85.00           16.45          
112             85.00           15.57          
110             85.00           15.64          
108             85.00           15.93          
106             85.00           16.25          
104             74.12           16.47          
102             53.13           16.42          
100             34.23           16.29          
98              21.77           16.17          
96              15.42           16.10          
94              12.98           15.98          
92              12.71           15.96          
90              13.33           15.90          
88              13.98           15.85          
86              14.80           15.84          
84              15.61           15.99          
82              16.98           16.15          
80              22.96           16.35          
78              41.76           16.51          
76              62.44           16.60          
74              76.85           16.72          
72              84.37           16.91          
70              87.09           17.13          
68              87.30           17.45          
66              86.60           40.07          
64              85.84           45.39          
62              85.30           53.21          
60              85.02           52.49          
58              84.92           51.11          
56              84.91           60.16          
54              84.94           71.46          
52              84.97           79.74          
50              84.99           84.25          
48              85.00           86.01          
46              85.00           85.11          
44              85.00           78.39          
42              85.00           69.30          
40              82.17           60.07          
38              78.81           52.37          
36              73.68           48.74          
34              60.53           50.63          
32              60.85           50.89          
30              69.01           46.83          
28              77.06           43.46          
26              82.39           39.79          
24              85.04           37.74          
22              85.61           34.82          
20              85.60           34.03          
18              82.17           32.66          
16              74.93           32.03          
14              68.95           32.58          
12              66.20           32.65          
10              62.77           31.87          
8               59.02           31.40          
6               51.45           31.11          
4               59.49           30.72          
2               42.34           20.35          
0               85.00           33.97          
Object#    Angle      Distance   Width     
1          98   4    16.15      94        
2          148  140  50.89      08        

Count: 2
Angle (Degrees) DistIR (cm)     Dist PING (cm) 
180             85.00           85.00          
178             113.33          113.33         
176             113.33          113.33         
174             103.89          103.89         
172             94.44           94.44          
170             88.15           88.15          
168             85.00           85.00          
166             83.95           83.95          
164             83.95           83.95          
162             84.30           84.30          
160             82.25           84.65          
158             82.48           84.88          
156             83.40           85.00          
154             84.24           85.04          
152             84.77           85.04          
150             85.03           85.03          
148             85.10           85.01          
146             85.09           85.00          
144             85.06           85.00          
142             85.03           85.00          
140             85.01           85.00          
138             85.00           85.00          
136             85.00           85.00          
134             85.00           85.00          
132             85.00           77.50          
130             85.00           77.50          
128             85.00           80.00          
126             85.00           69.96          
124             85.00           65.30          
122             85.00           67.60          
120             85.00           61.39          
118             85.00           56.68          
116             85.00           59.42          
114             85.00           60.48          
112             85.00           64.37          
110             85.00           68.73          
108             85.00           71.17          
106             85.00           71.60          
104             85.00           73.47          
102             85.00           72.10          
100             85.00           70.05          
98              85.00           70.60          
96              85.00           71.14          
94              85.00           67.59          
92              85.00           69.38          
90              85.00           61.19          
88              85.00           42.37          
86              85.00           26.18          
84              85.00           16.07          
82              85.00           11.02          
80              82.60           9.17           
78              74.02           8.92           
76              62.56           9.27           
74              49.06           9.76           
72              33.80           10.06          
70              21.18           10.10          
68              12.86           10.04          
66              8.48            9.90           
64              6.81            9.76           
62              6.55            9.68           
60              6.82            9.55           
58              7.13            9.46           
56              7.41            9.57           
54              7.66            9.71           
52              7.91            9.82           
50              8.42            9.95           
48              9.59            10.06          
46              13.15           10.20          
44              23.17           10.32          
42              36.40           10.50          
40              54.25           10.71          
38              70.45           10.88          
36              80.70           17.08          
34              85.55           20.29          
32              86.98           31.96          
30              86.80           36.26          
28              86.14           41.67          
26              85.54           48.54          
24              85.16           46.96          
22              82.82           59.12          
20              82.58           71.80          
18              81.77           80.42          
16              77.73           84.83          
14              74.72           86.35          
12              70.47           86.41          
10              66.41           85.96          
8               67.20           85.49          
6               70.06           85.17          
4               64.29           76.71          
2               40.93           48.32          
0               85.00           85.00          
Object#    Angle      Distance   Width     
1          136  104  10.32      32        

Count: 1
Angle (Degrees) DistIR (cm)     Dist PING (cm) 
180             85.00           85.00          
178             85.00           85.00          
176             85.00           85.00          
174             85.00           85.00          
172             85.00           85.00          
170             85.00           85.00          
168             85.00           85.00          
166             85.00           85.00          
164             85.00           85.00          
162             85.00           85.00          
160             85.00           85.00          
158             85.00           85.00          
156             85.00           85.00          
154             85.00           85.00          
152             85.00           85.00          
150             85.00           85.00          
148             85.00           85.00          
146             85.00           85.00          
144             85.00           50.16          
142             85.00           85.00          
140             85.00           70.40          
138             85.00           85.00          
136             85.00           85.00          
134             85.00           85.00          
132             85.00           65.64          
130             85.00           85.00          
128             85.00           72.35          
126             85.00           85.00          
124             85.00           85.00          
122             85.00           65.77          
120             85.00           84.16          
118             85.00           74.00          
116             85.00           63.63          
114             85.00           58.01          
112             85.00           62.89          
110             85.00           57.82          
108             85.00           74.01          
106             85.00           65.35          
104             85.00           63.68          
102             85.00           66.09          
100             85.00           70.98          
98              85.00           61.87          
96              85.00           73.83          
94              85.00           73.45          
92              85.00           73.65          
90              85.00           73.41          
88              85.00           72.19          
86              85.00           75.75          
84              85.00           73.61          
82              85.00           74.12          
80              85.00           76.18          
78              85.00           71.99          
76              85.00           73.56          
74              85.00           46.54          
72              85.00           14.28          
70              85.00           13.43          
68              85.00           12.29          
66              84.68           11.78          
64              80.37           11.52          
62              64.86           11.47          
60              50.22           11.43          
58              35.42           11.17          
56              19.12           10.92          
54              12.04           10.67          
52              9.45            10.67          
50              9.18            10.62          
48              8.79            10.62          
46              8.37            10.41          
44              8.79            10.17          
42              8.63            10.62          
40              8.57            10.19          
38              9.20            10.62          
36              9.64            10.84          
34              10.84           10.67          
32              13.60           11.12          
30              23.51           11.17          
28              42.16           11.22          
26              63.14           11.90          
24              77.32           11.73          
22              78.82           11.79          
20              85.00           12.67          
18              84.23           85.00          
16              85.00           65.55          
14              85.00           85.00          
12              85.00           85.00          
10              85.00           83.79          
8               76.41           85.00          
6               77.68           85.00          
4               76.03           71.45          
2               55.20           43.51          
0               85.00           63.93          
Object#    Angle      Distance   Width     
1          148  116  11.12      32        

Count: 1
Angle (Degrees) DistIR (cm)     Dist PING (cm) 
180             85.00           85.00          
178             85.00           73.83          
176             85.00           85.00          
174             85.00           70.94          
172             85.00           85.00          
170             85.00           80.33          
168             85.00           85.00          
166             85.00           85.00          
164             85.00           85.00          
162             85.00           63.71          
160             85.00           85.00          
158             85.00           70.93          
156             85.00           85.00          
154             85.00           76.35          
152             85.00           85.00          
150             85.00           85.00          
148             85.00           85.00          
146             85.00           76.50          
144             85.00           85.00          
142             85.00           61.55          
140             85.00           85.00          
138             85.00           82.58          
136             85.00           81.47          
134             85.00           81.42          
132             85.00           82.43          
130             85.00           81.54          
128             85.00           81.47          
126             85.00           80.19          
124             85.00           74.91          
122             85.00           80.72          
120             85.00           80.63          
118             85.00           81.38          
116             85.00           84.02          
114             85.00           81.36          
112             85.00           55.02          
110             85.00           27.07          
108             85.00           19.10          
106             85.00           18.42          
104             85.00           17.91          
102             85.00           17.45          
100             85.00           17.20          
98              85.00           17.15          
96              67.13           16.89          
94              38.04           16.63          
92              21.41           16.63          
90              17.02           16.58          
88              16.25           16.58          
86              15.81           16.58          
84              14.79           16.58          
82              14.96           16.36          
80              15.65           16.59          
78              15.99           16.58          
76              16.70           16.58          
74              17.75           16.63          
72              20.13           16.63          
70              41.92           16.89          
68              72.90           16.89          
66              85.00           17.15          
64              85.00           17.84          
62              85.00           18.07          
60              85.00           18.55          
58              85.00           28.29          
56              85.00           85.00          
54              85.00           85.00          
52              85.00           85.00          
50              85.00           85.00          
48              85.00           85.00          
46              85.00           31.00          
44              85.00           32.18          
42              85.00           28.30          
40              85.00           30.05          
38              85.00           29.15          
36              85.00           32.58          
34              85.00           55.30          
32              81.24           45.49          
30              83.98           66.13          
28              80.13           45.68          
26              58.80           57.52          
24              71.59           47.07          
22              68.68           36.72          
20              84.11           43.60          
18              85.00           39.58          
16              85.00           30.34          
14              85.00           30.78          
12              85.00           31.70          
10              85.00           32.55          
8               85.00           38.05          
6               64.67           30.94          
4               63.34           28.53          
2               85.00           85.00          
0               85.00           73.89          
Object#    Angle      Distance   Width     
1          108  82   16.63      26        
2          158  152  36.72      06        
3          176  172  28.53      04        

Count: 3
Angle (Degrees) DistIR (cm)     Dist PING (cm) 
180             85.00           29.48          
178             85.00           29.64          
176             85.00           29.38          
174             85.00           28.41          
172             85.00           28.15          
170             85.00           28.14          
168             85.00           28.07          
166             85.00           28.04          
164             85.00           27.99          
162             85.00           27.95          
160             62.71           28.17          
158             27.71           27.93          
156             27.58           28.14          
154             27.78           28.12          
152             26.20           28.12          
150             26.91           28.33          
148             27.26           28.33          
146             26.66           27.93          
144             31.76           27.95          
142             85.00           27.95          
140             85.00           28.00          
138             85.00           28.02          
136             85.00           28.31          
134             85.00           28.30          
132             85.00           29.02          
130             85.00           28.65          
128             85.00           28.95          
126             85.00           30.26          
124             85.00           35.37          
122             85.00           53.83          
120             85.00           76.35          
118             85.00           73.81          
116             85.00           65.65          
114             85.00           68.52          
112             85.00           49.37          
110             85.00           62.38          
108             85.00           67.17          
106             85.00           48.39          
104             85.00           61.58          
102             85.00           66.34          
100             85.00           46.29          
98              85.00           56.00          
96              85.00           57.60          
94              85.00           63.05          
92              85.00           53.56          
90              85.00           71.65          
88              85.00           67.58          
86              85.00           62.75          
84              85.00           81.12          
82              83.62           57.27          
80              77.69           85.00          
78              85.00           68.02          
76              85.00           85.00          
74              82.35           68.45          
72              85.00           85.00          
70              83.59           61.84          
68              85.00           85.00          
66              85.00           85.00          
64              85.00           85.00          
62              85.00           85.00          
60              85.00           73.52          
58              85.00           83.51          
56              85.00           57.31          
54              85.00           85.00          
52              85.00           85.00          
50              85.00           69.67          
48              85.00           85.00          
46              85.00           85.00          
44              85.00           35.00          
42              85.00           63.26          
40              85.00           50.53          
38              85.00           43.23          
36              85.00           68.60          
34              85.00           43.41          
32              85.00           57.62          
30              85.00           55.03          
28              85.00           39.70          
26              75.95           46.52          
24              79.08           39.79          
22              73.59           32.91          
20              72.44           64.65          
18              77.24           42.65          
16              64.39           64.69          
14              61.56           68.69          
12              60.86           40.57          
10              76.99           73.16          
8               85.00           41.18          
6               85.00           61.86          
4               85.00           46.57          
2               85.00           75.61          
0               67.53           51.01          
Object#    Angle      Distance   Width     
1          36   18   27.95      18        
2          168  164  40.57      04        

Count: 2
